0 2000 .001 7.0 1 2 z 3
V   170827(376, 75)  80970/ 55766  89857/ 51722    0/   0    0/   0 1073 1999
V   170738(376,164)  81011/ 55766  89731/ 51722    0/   0    0/   0 1073 1999
V   170708(375,163)  80970/ 55766  89740/ 51722    0/   0    0/   0 1073 1999
V   170230(377,165)  81019/ 55766  89211/ 51722    0/   0    0/   0 1073 1999
V   170114(377,165)  81093/ 55766  89020/ 51722    0/   0    0/   0 1073 1999
V   170123(375,163)  81144/ 55766  88980/ 51722    0/   0    0/   0 1073 1999
V   169392(380,168)  80940/ 55766  88451/ 51722    0/   0    0/   0 1073 1999
V   169175(380,168)  80886/ 55766  88288/ 51722    0/   0    0/   0 1073 1999
V   169182(376,164)  80915/ 55766  88266/ 51722    0/   0    0/   0 1073 1999
V   169116(377,165)  80925/ 55766  88192/ 51722    0/   0    0/   0 1073 1999
V   169116(377,165)  80925/ 55766  88191/ 51722    0/   0    0/   0 1073 1999
V   169155(375,163)  80868/ 55766  88286/ 51722    0/   0    0/   0 1073 1999
V   169154(375,163)  80869/ 55766  88285/ 51722    0/   0    0/   0 1073 1999
V   175337(375,163)  81106/ 55766  94232/ 52542    0/   0    0/   0 1073 1999
V   175303(375,163)  81107/ 55766  94195/ 52542    0/   0    0/   0 1073 1999
V   174619(383,171)  81200/ 55766  93419/ 52542    0/   0    0/   0 1073 1999
V   174617(383,171)  81208/ 55766  93409/ 52542    0/   0    0/   0 1073 1999
V   174623(382,170)  81223/ 55766  93400/ 52542    0/   0    0/   0 1073 1999
V   174423(385,173)  81189/ 55766  93232/ 52542    0/   0    0/   0 1073 1999
V   174420(385,173)  81187/ 55766  93232/ 52542    0/   0    0/   0 1073 1999
V   174409(384,172)  81170/ 55766  93237/ 52542    0/   0    0/   0 1073 1999
V   174405(384,172)  81172/ 55766  93232/ 52542    0/   0    0/   0 1073 1999
V   174405(384,172)  81170/ 55766  93235/ 52542    0/   0    0/   0 1073 1999
V   174407(383,171)  81160/ 55766  93246/ 52542    0/   0    0/   0 1073 1999
V   173798(388,176)  80819/ 55766  92978/ 52542    0/   0    0/   0 1073 1999
V   173796(388,176)  80814/ 55766  92982/ 52542    0/   0    0/   0 1073 1999
V   173796(388,176)  80815/ 55766  92981/ 52542    0/   0    0/   0 1073 1999
V   173699(389,177)  80775/ 55766  92923/ 52542    0/   0    0/   0 1073 1999
V   175749(389,177)  80912/ 55766  94836/ 52952    0/   0    0/   0 1073 1999
V   175770(388,176)  80902/ 55766  94868/ 52952    0/   0    0/   0 1073 1999
V   175536(389,177)  80884/ 55766  94652/ 52952    0/   0    0/   0 1073 1999
V   175453(389,177)  80884/ 55766  94570/ 52952    0/   0    0/   0 1073 1999
V   175425(389,177)  80919/ 55766  94506/ 52952    0/   0    0/   0 1073 1999
V   175420(389,177)  80935/ 55766  94485/ 52952    0/   0    0/   0 1073 1999
V   174428(405,193)  80817/ 55766  93612/ 52952    0/   0    0/   0 1073 1999
V   174394(405,193)  80780/ 55766  93614/ 52952    0/   0    0/   0 1073 1999
V   174483(394,182)  80768/ 55766  93715/ 52952    0/   0    0/   0 1073 1999
V   173933(400,188)  80475/ 55766  93457/ 52952    0/   0    0/   0 1073 1999
V   173927(400,188)  80438/ 55766  93489/ 52952    0/   0    0/   0 1073 1999
V   173944(397,185)  80417/ 55766  93526/ 52952    0/   0    0/   0 1073 1999
V   173862(399,187)  80499/ 55766  93362/ 52952    0/   0    0/   0 1073 1999
V   173858(399,187)  80500/ 55766  93359/ 52952    0/   0    0/   0 1073 1999
V   173891(398,186)  80432/ 55766  93459/ 52952    0/   0    0/   0 1073 1999
V   173771(401,189)  80462/ 55766  93310/ 52952    0/   0    0/   0 1073 1999
V   173771(401,189)  80461/ 55766  93310/ 52952    0/   0    0/   0 1073 1999
V   173796(400,188)  80496/ 55766  93300/ 52952    0/   0    0/   0 1073 1999
V   173614(403,191)  80430/ 55766  93183/ 52952    0/   0    0/   0 1073 1999
V   173588(403,191)  80399/ 55766  93189/ 52952    0/   0    0/   0 1073 1999
V   173592(401,189)  80366/ 55766  93227/ 52952    0/   0    0/   0 1073 1999
V   173154(405,193)  80299/ 55766  92854/ 52952    0/   0    0/   0 1073 1999
V   173097(405,193)  80309/ 55766  92787/ 52952    0/   0    0/   0 1073 1999
V   173127(403,191)  80336/ 55766  92791/ 52952    0/   0    0/   0 1073 1999
V   172997(406,194)  80286/ 55766  92711/ 52952    0/   0    0/   0 1073 1999
SP08K 2000 FA07(49261/24376)+162489/105863(164)         SM05  11/14/ 7  
 1   13.750  22.500   0.000   0.000   0.000 ZQZ Couplings
 110 225      0.6700      0.0000      0.0000      0.0000      0.0000 ZQZ
 120 224     -0.8161     56.9624   -215.6653      0.0000     24.2453
             -7.2598      0.0000      0.0000    -26.2568      4.3767    
            -36.8942      4.0253     -1.1521     -0.2428      0.6613 ZQZ
 320 221    -16.8434      3.6325     -0.4381      0.0131    116.4007
            -15.7806      0.0000      0.0000     -6.3810      0.0000    
            -18.7967      4.3842     -2.1883      6.6461      0.3239 ZQZ
 520 225     54.5056   -202.3560    201.2819      0.0000   -239.5764
            458.5218      0.0000      0.0000      0.0000      0.0000    
             33.0059    -85.6954      0.0000      0.0000      0.0000 ZQZ
 720 224      5.0985    205.7000   -483.2187      0.0000    165.7250
              0.0000      0.0000      0.0000   -315.5787     54.9051    
            305.7170    -71.0188     -0.4762      2.0759      0.1185 ZQZ
 820 224     35.8027    -97.7495     33.4933      0.0000   -173.4216
             14.7482      0.0000      0.0000     -6.1219     -8.8834    
              0.0000      0.0000     -3.8281      4.7668      0.4391 ZQZ
 920 224      2.2981     41.1490      0.0000      0.0000    -36.1550 ZQZ
 211 225    477.0684  -2045.0566   2021.5092      0.0000   1571.3112
          -9166.4033  18324.4004 -11814.7178     43.4980   -201.1932    
            -60.4475    114.9218     -0.4716     -0.5772      0.1038 ZQZ
 411 225     30.0475   -143.2132    145.3881      0.0000     76.0304
           -226.0049    279.1687      0.0000      0.0000      0.0000    
              9.9753    -41.2559     -2.4275     -0.4554      0.9164 ZQZ
 611 225      0.0000      0.0000      0.0000      0.0000    -16.9393
              0.0000      0.0000      0.0000      9.1208      0.0000 ZQZ
 711 225     61.9409    412.1006  -2090.6841   1800.0856    448.2501
          -1181.2469      0.0000      0.0000     80.6171      0.0000    
           -130.5978    322.2098     29.3685    -19.2675     -7.3328 ZQZ
 811 225    356.4577   -822.8984  -3407.9966   4968.2178    861.0878
          -1967.8042      0.0000      0.0000   -269.8638   1030.4810    
           -333.4200    739.4172     -3.7041      5.5313      0.0000 ZQZ
 911 224      0.0000      0.0000      0.0000      0.0000    -68.3075 ZQZ
 121 221     -2.0913      0.1796      0.0000      0.0000      5.3863
             -5.0366      0.1680      0.0000     18.5997     -1.0354    
              6.9577      0.0000      0.1547      0.0000      0.0000 ZQZ
 221 221     -2.2201     -2.6466     -0.2919      0.0000     38.5140
             22.1742      5.5495     -0.1257   -172.0306     18.7208    
             36.8861    -19.5282      0.0693      0.8657      0.0280 ZQZ
 321 221      1.1731     -0.1036      0.0000      0.0000     28.2100
             -1.7485      0.0000      0.0000      0.0000      0.0000    
              1.3974      0.0000     -1.5966      4.6532      0.4624 ZQZ
 421 225     79.1249   -278.6938    206.0621      0.0000    540.7744
          -2534.7561   3871.5547  -2025.9650     12.1944      0.0000    
              5.7397      0.0000     -0.5567     -8.3503     -0.2983 ZQZ
 521 225      0.0000      0.0000      0.0000      0.0000      0.0000 ZQZ
 621 225      0.0000      0.0000      0.0000      0.0000      0.0000 ZQZ
 721 225      0.0000    192.5954   -385.5586      0.0000    -33.8875
            148.8113      0.0000      0.0000     90.3207      0.0000    
              0.0000      0.0000      0.6043      2.0958      0.1992 ZQZ
 821 225     50.1214   -265.4155    828.8195   -952.9268    187.3514
              0.0000      0.0000      0.0000   -199.8614    429.1670    
             -0.2604   -102.4994     -1.5735     -0.1997      1.3648 ZQZ
 921 224     -0.4759      0.0000      0.0000      0.0000      0.0000 ZQZ
 112 225    203.1105   -841.3684    814.1540      0.0000   -730.1060
            959.7589      0.0000      0.0000    192.5998   -384.4810    
             28.6688      0.0000     -0.4186      0.0000      0.0000 ZQZ
 212 225     20.4993    -52.5688      0.0000      0.0000     22.8818
              0.0000      0.0000      0.0000      0.0000      0.0000    
              0.0000      0.0000      0.4732      0.0000      0.0000 ZQZ
 312 225   -206.0245   1452.6655  -3258.1038   2294.5098    286.7772
          -1007.5503   1008.4546      0.0000     22.4121    -43.6787    
             20.6196    -46.4268     -1.4054      3.8491      0.1433 ZQZ
 412 225    -18.2270     18.8726      0.0000      0.0000    107.4021
           -285.3105    195.4279      0.0000      0.0000      0.0000    
             -1.2014      0.0000      0.8471     -1.9057      0.0754 ZQZ
 512 225     78.3713   -106.2547      0.0000      0.0000   -603.2571
           2004.0260  -1663.7802      0.0000      0.0000      0.0000 ZQZ
 612 225     -3.4283     13.7104      0.0000      0.0000     -4.1184
              0.0000      0.0000      0.0000      3.4715      0.0000 ZQZ
 712 225   -135.2295    295.0863      0.0000      0.0000      0.0000
              0.0000      0.0000      0.0000    588.1190  -1195.5012    
           -540.1414   1051.8701     -1.4278      2.6078      0.3975 ZQZ
 812 225     29.7928    -37.9548      0.0000      0.0000   -131.7673
            273.0205      0.0000      0.0000    -12.3856      0.0000    
             80.1576   -201.7399      0.9358     -2.2801      0.1227 ZQZ
 912 225     -2.5726      0.0000      0.0000      0.0000      0.0000 ZQZ
 122 225      0.0000      0.0000      0.0000      0.0000      0.0000 ZQZ
 222 225     -4.0530      4.0857      0.0000      0.0000      0.0000
              0.0000      0.0000      0.0000    -28.2003     28.6013    
              0.0000      0.0000     -0.0025      0.0000      0.0000 ZQZ
 322 225      0.1486      0.0000      0.0000      0.0000      0.0000
              0.0000      0.0000      0.0000      0.0000      0.0000    
              0.0000      0.0000     -3.6611     41.2103     -2.7152 ZQZ
 422 225      4.1891     -9.7720      0.0000      0.0000      1.6388
              0.0000      0.0000      0.0000     -1.5483      0.0000    
              4.9256     -6.8170     -3.5699      6.7755      0.0000 ZQZ
 522 225      0.0000      0.0000      0.0000      0.0000      0.0000 ZQZ
 622 225      2.9986      0.0000      0.0000      0.0000    -25.7797
              0.0000      0.0000      0.0000      0.0000      0.0000    
              4.4380      0.0000      0.0000      0.0000      0.0000 ZQZ
 722 225      1.7171      0.0000      0.0000      0.0000      0.0000
              0.0000      0.0000      0.0000      0.0000      0.0000    
              0.0000      0.0000      2.5520      0.0000      0.0000 ZQZ
 822 225      0.0000      0.0000      0.0000      0.0000      0.0000
              0.0000      0.0000      0.0000      2.6603      0.0000    
              0.0000      0.0000      1.0592      0.0000      0.0000 ZQZ
 922 224      3.0077      0.0000      0.0000      0.0000    -47.4190 ZQZ
 113 225     11.2514    -19.4314      0.0000      0.0000   -489.6369
           1704.8120  -1416.3118      0.0000      0.0000      0.0000    
              0.0000      0.0000     -4.2794     17.0164      1.0037 ZQZ
 213 225     -0.3939      0.0000      0.0000      0.0000   -266.6254
            828.1133   -555.3964      0.0000     -1.5867      0.0000    
             -3.4529      0.0000    -14.0444     16.0106      0.0000 ZQZ
 313 225     -3.4896      0.0000      0.0000      0.0000    -36.3815
            204.0532   -191.3710      0.0000     -5.5846     11.7072    
             -1.6093      0.0000     -3.0619      6.9755      0.5958 ZQZ
 413 225    -16.6745    112.1776   -251.0726    169.7514     25.9821
            -29.9782      0.0000      0.0000      0.0000      0.0000    
              0.0000      0.0000     -0.0022      6.2673     -0.1101 ZQZ
 513 225      0.0000      0.0000      0.0000      0.0000     -3.6786
              0.0000      0.0000      0.0000      0.0000      0.0000    
            -18.1454     28.1576      0.0000      0.0000      0.0000 ZQZ
 613 225      0.0000      0.0000      0.0000      0.0000     -5.8910
              0.0000      0.0000      0.0000      2.2846      0.0000    
             -2.0556      0.0000      0.0000      0.0000      0.0000 ZQZ
 713 225     24.9620    -60.0757      0.0000      0.0000      0.0000
              0.0000      0.0000      0.0000    224.7384   -335.9692    
            -19.9037      0.0000      2.7501      0.0041     -2.1319 ZQZ
 813 225    -54.4996    101.2783      0.0000      0.0000      5.3877
              0.0000      0.0000      0.0000   -137.8565    232.1438    
            -48.4189     66.8504     -1.3170      1.8687      0.3281 ZQZ
 913 225      0.0000      0.0000      0.0000      0.0000      0.0000 ZQZ
 123 225      0.0000      0.0000      0.0000      0.0000      0.0000 ZQZ
 223 225    -14.8946     67.7646    -89.2854      0.0000     35.6200
              0.0000      0.0000      0.0000    -78.3836    127.5911    
             -4.3601      0.0000      0.1625      0.0000      0.0000 ZQZ
 323 225     -2.6277     12.5247    -12.8376      0.0000      5.0049
              0.0000      0.0000      0.0000      0.0000      0.0000    
             14.6008    -23.3413     -3.4469      0.0000      0.0000 ZQZ
 423 225      2.7395     -5.3793      0.0000      0.0000      0.0000
              0.0000      0.0000      0.0000      0.0000      0.0000    
              0.0000      0.0000      1.6214      0.0000      0.0000 ZQZ
 523 225      0.0000      0.0000      0.0000      0.0000      0.0000
              0.0000      0.0000      0.0000      0.0000      0.0000    
              0.0000      0.0000     -1.9026      0.0000      0.0000 ZQZ
 623 225      0.0000      0.0000      0.0000      0.0000      0.0000 ZQZ
 723 225      0.0000      0.0000      0.0000      0.0000      3.1072
              0.0000      0.0000      0.0000      0.0000      0.0000    
              0.0000      0.0000     -5.0174      0.0000      0.0000 ZQZ
 823 225      0.0000      0.0000      0.0000      0.0000   -427.2642
              0.0000      0.0000      0.0000      0.0000      0.0000    
              0.0000      0.0000     -0.2812      0.0000      0.0000 ZQZ
 923 225      0.0000      0.0000      0.0000      0.0000      0.0000 ZQZ
 114 225      0.0000      0.0000      0.0000      0.0000      0.0000 ZQZ
 214 225     46.9609   -161.2133    134.4832      0.0000      0.0000
              0.0000      0.0000      0.0000     -5.4424      0.0000    
              1.4235      0.0000     -1.9698     23.4043      0.0000 ZQZ
 314 225      0.0000      0.0000      0.0000      0.0000      0.0000 ZQZ
 414 225     -5.0380      0.0000      0.0000      0.0000     98.5336
            -72.4650      0.0000      0.0000    -65.1450     97.7789    
            -28.5416     28.8730     15.3035    -17.7474     -4.6535 ZQZ
 514 225      0.0000      0.0000      0.0000      0.0000      0.0000 ZQZ
 614 225      0.8392      0.0000      0.0000      0.0000      0.0000
              0.0000      0.0000      0.0000      0.0000      0.0000    
             -0.8953      0.0000      0.0000      0.0000      0.0000 ZQZ
 714 225      0.0000      0.0000      0.0000      0.0000     17.6334
              0.0000      0.0000      0.0000      0.0000      0.0000    
              0.0000      0.0000     13.1143      0.0000      0.0000 ZQZ
 814 225    128.0733   -648.1511    759.3391      0.0000      0.0000
              0.0000      0.0000      0.0000    -43.5082      0.0000    
              0.0000      0.0000     -1.1588      0.0000      0.0000 ZQZ
 914 225      0.0000      0.0000      0.0000      0.0000      0.0000 ZQZ
 124 225      0.0000      0.0000      0.0000      0.0000      0.0000 ZQZ
 224 225      0.0000      0.0000      0.0000      0.0000  -4371.4819
          18233.5508 -25332.3613  11590.0264      0.0000      0.0000    
             10.1262      0.0000      5.7769    -14.9514     -2.8438 ZQZ
 324 225      0.0000      0.0000      0.0000      0.0000      0.0000 ZQZ
 424 225     -0.4526      0.0000      0.0000      0.0000      0.0000
              0.0000      0.0000      0.0000     15.8151    -22.9241    
              0.0000      0.0000     11.4253     20.1959     -6.5428 ZQZ
 524 225      0.0000      0.0000      0.0000      0.0000      0.0000 ZQZ
 624 225      0.0000      0.0000      0.0000      0.0000      0.0000 ZQZ
 724 225      2.2048      0.0000      0.0000      0.0000      0.0000
              0.0000      0.0000      0.0000      0.0000      0.0000    
              0.0000      0.0000      1.8485      0.0000      0.0000 ZQZ
 824 225     35.3581   -236.7473    477.2477   -305.8188     60.1183
              0.0000      0.0000      0.0000    -41.2820      0.0000    
              0.0000      0.0000      6.6239    -10.8562      0.0000 ZQZ
 924 225      0.0000      0.0000      0.0000      0.0000      0.0000 ZQZ
 115 225      0.0000      0.0000      0.0000      0.0000      0.0000 ZQZ
 215 225      0.0000      0.0000      0.0000      0.0000     12.7259 ZQZ
 315 225      0.0000      0.0000      0.0000      0.0000      0.0000 ZQZ
 415 225      0.0000      0.0000      0.0000      0.0000     15.5380
            -19.5393      0.0000      0.0000      0.0000      0.0000    
              0.2461      0.0000     -8.6603      0.0000      0.0000 ZQZ
 515 225      0.0000      0.0000      0.0000      0.0000      0.0000 ZQZ
 615 225      0.0000      0.0000      0.0000      0.0000      0.0000 ZQZ
 715 225      0.0000      0.0000      0.0000      0.0000      0.0000 ZQZ
 815 225      0.0000      0.0000      0.0000      0.0000      0.0000 ZQZ
 915 225      0.0000      0.0000      0.0000      0.0000      0.0000 ZQZ
 125 225      0.0000      0.0000      0.0000      0.0000      0.0000 ZQZ
 225 225      0.0000      0.0000      0.0000      0.0000     -8.7202 ZQZ
 325 225      0.0000      0.0000      0.0000      0.0000      0.0000 ZQZ
 425 225      0.0000      0.0000      0.0000      0.0000      0.0000 ZQZ
 525 225      0.0000      0.0000      0.0000      0.0000      0.0000 ZQZ
 625 225      0.0000      0.0000      0.0000      0.0000      0.0000 ZQZ
 725 225      0.0000      0.0000      0.0000      0.0000      0.0000
              0.0000      0.0000      0.0000      0.0000      0.0000    
           5673.3101      0.0000      0.0000      0.0000      0.0000 ZQZ
 825 225      0.2609      0.0000      0.0000      0.0000      0.0000
              0.0000      0.0000      0.0000    -83.7697      0.0000    
            -73.0638      0.0000      6.6687      0.0000      0.0000 ZQZ
 925 225      0.0000      0.0000      0.0000      0.0000      0.0000 ZQZ
Q  Sol=SP08 PNs=SM05 C,Nd,Np=173065.108997 194 Wb,Wt=1074. 1999.   11/14/ 7 
go41
13 0 10
14 0 10
15 0 10
q
go111
-6 s 6 .1 3000 0 q
go112
-6 s 6 .1 3000 0 q
go111
-6 s 6 .1 3000 0 q
go112
-6 s 6 .1 3000 0 q
go111
-6 s 6 .1 3000 0 q
go112
-6 s 6 .1 3000 0 q
go110
-6 z 5 .1 3000 0 q
go8
go62
go40
go43
go41
10 -90
0 -6
go3
go111
-6 s 6 .1 3000 0 q
go112
-6 s 6 .1 3000 0 q
go110
-6 z 5 .1 3000 0 q
go8
go40
0 6
go3
go111
-6 s 6 .1 3000 0 q
go112
-6 s 6 .1 3000 0 q
go110
-6 z 5 .1 3000 0 q
go8
go63
jo(07)p
qt
qt
1540 1540 9 9 1 z 1
solnfa06
go45
1545 5
go1
1 1 1 .04 0 1
q
pb02
y
go31
320 15 1490
go2
go51
qt
1620 1770 0 5 1 2 z 1
solnfa06
go45
1637 5
 q
32008 32001 z 1 .1 3000 0 q
qt
0 2000 .001 5 1 2  Z 1 3 4 1
V    85566(288,101) 58269/31193 27296/15940     0/    0     0/    0 1073 1999
V    85820(288, 55) 58399/31193 27421/15940     0/    0     0/    0 1073 1999
V    85491(288,101) 58165/31193 27326/15940     0/    0     0/    0 1073 1999
V    85490(288,101) 58160/31193 27330/15940     0/    0     0/    0 1073 1999
V    85265(289,102) 58009/31193 27256/15940     0/    0     0/    0 1073 1999
V    84997(290,103) 57789/31193 27207/15940     0/    0     0/    0 1073 1999
V    84962(288,101) 57768/31193 27193/15940     0/    0     0/    0 1073 1999
V    84823(288,101) 57805/31193 27018/15940     0/    0     0/    0 1073 1999
V    84799(288,  3) 57812/31193 26986/15940     0/    0     0/    0 1073 1999
V    84733(289,  5) 57796/31193 26936/15940     0/    0     0/    0 1073 1999
V    84689(289,102) 57754/31193 26935/15940     0/    0     0/    0 1073 1999
V    84593(291,104) 57849/31193 26743/15940     0/    0     0/    0 1073 1999
V    84356(292,105) 57782/31193 26573/15940     0/    0     0/    0 1073 1999
FA06K 2000 FA06(55640/25524)+ 84356/47133 (105)         SM05  11/30/ 6  
 1   13.750  22.500   0.000   0.000   0.000 ZQZ Couplings
 110   1      0.6700      0.0000      0.0000      0.0000      0.0000 ZQZ
 120 225     14.1460   -133.2643     72.7483      0.0000     -2.9830
           -260.6902    355.6448      0.0000    -15.7703     40.9432    
             -5.8738      0.0000      0.3824     -2.3827      0.0000 ZQZ
 320 221     -8.0141      0.6130     -0.0449      0.0000     61.0860
             -8.8210      0.2613      0.0000     -9.2862      0.0000    
              8.7243      0.0000     -2.2475      6.1738      0.0000 ZQZ
 520 225     -0.0186     19.4751      0.0000      0.0000      0.0000
              0.0000      0.0000      0.0000      4.9271      0.0000    
            -31.0164     37.8841      0.0000      0.0000      0.0000 ZQZ
 720 225     22.0572    -93.6522      0.0000      0.0000      0.0000
              0.0000      0.0000      0.0000     15.4333      0.0000    
            190.7115   -406.3444      1.9521      0.0000      0.0000 ZQZ
 820 225     16.9350   -113.5267    139.7457      0.0000      0.0000
              0.0000      0.0000      0.0000      0.0000      0.0000    
              0.0000      0.0000     -3.2629      0.0000      0.0000 ZQZ
 920 224      2.2981     41.1490      0.0000      0.0000    -36.1550 ZQZ
 211 221      3.6848     -0.6692      0.0000      0.0000     84.2847
             11.2084     -0.5990      0.0000    -40.2917      1.6464    
            -24.9995      0.0000     -0.1971      0.0000      0.0000 ZQZ
 411 221      0.6117      0.0276      0.0000      0.0000     20.2273
              0.0000      0.0000      0.0000     -3.8450      0.0000    
             -4.1382     -0.3353     -1.4950      0.0000      0.0000 ZQZ
 611 225     -3.1122      0.0000      0.0000      0.0000    -11.5693
              0.0000      0.0000      0.0000     15.6469      0.0000 ZQZ
 711 225    136.0692   -280.7542      0.0000      0.0000      0.0000 ZQZ
 811 225    -27.7911    252.5823   -414.1846      0.0000     16.7432
              0.0000      0.0000      0.0000      0.0000      0.0000    
              0.0000      0.0000      0.9758      0.0000      0.0000 ZQZ
 911 224      0.0000      0.0000      0.0000      0.0000    -68.3075 ZQZ
 121 224     -2.3598     11.3944     -8.1976      0.0000     -1.3232
              0.0000      0.0000      0.0000      0.0000      0.0000    
              0.0000      0.0000     -1.0175    -16.6624      0.0000 ZQZ
 221 224    -39.2014   -110.7821    171.3233      0.0000     68.6860
              7.6281      0.3207      0.0000    -60.0239      0.0000    
              4.4638     -4.4187      0.0000      0.6427      0.0451 ZQZ
 321 225      9.3246    -16.9689      0.0000      0.0000      8.2162
            134.7615   -192.6860      0.0000      2.3852      0.0000    
              0.0000      0.0000      0.3613      0.0000      0.0000 ZQZ
 421 225    -42.7908    271.5389   -537.6349    320.2523      0.0000
              0.0000      0.0000      0.0000      0.0000      0.0000    
              4.5278     -5.4912     -0.5444     -6.4882      0.0000 ZQZ
 521 225     -2.7123      6.5617      0.0000      0.0000      0.0000
              0.0000      0.0000      0.0000     -3.2691      0.0000 ZQZ
 621 225      0.7947      0.0000      0.0000      0.0000      0.0000 ZQZ
 721 225    143.0804    143.4711   -833.1581      0.0000   -149.5576
            756.9585      0.0000      0.0000    -61.8695    437.8449    
              0.0000      0.0000      1.0034     -2.9363      0.0000 ZQZ
 821 225     -4.9287      9.6405      0.0000      0.0000      0.0000
              0.0000      0.0000      0.0000     43.1947    -62.1080    
              0.0000      0.0000      0.3123      0.0000      0.0000 ZQZ
 921 224     -0.4759      0.0000      0.0000      0.0000      0.0000 ZQZ
 112 225    229.2849   -992.4624    996.3688      0.0000   -833.7076
           1134.9078      0.0000      0.0000    258.4159   -509.9761    
             31.1744      0.0000     -0.5329      0.0000      0.0000 ZQZ
 212 225     14.4405    -41.5849      0.0000      0.0000     28.5730 ZQZ
 312 225   -207.5587   1613.6569  -3688.1201   2556.9756      8.9027
             93.0623      0.0000      0.0000      5.6781      0.0000    
              0.0036    -20.2238     -2.0950      4.6874      0.2743 ZQZ
 412 225    -15.4471     14.1513      0.0000      0.0000     97.5514
           -240.7212    141.9969      0.0000      0.0000      0.0000    
              0.0000      0.0000      2.4282     -5.6756      0.0000 ZQZ
 512 225     64.0048    -82.3435      0.0000      0.0000   -373.9452
           1070.1075   -749.6478      0.0000      0.0000      0.0000 ZQZ
 612 225    -27.4579     99.9109    -74.4823      0.0000      0.0000
              0.0000      0.0000      0.0000      2.8597      0.0000 ZQZ
 712 225    -23.8114     93.2219      0.0000      0.0000    169.1560
              0.0000      0.0000      0.0000      0.0000      0.0000    
           -335.6487    564.6561      0.0000      0.0000      0.0000 ZQZ
 812 225     34.2635    -58.4327      0.0000      0.0000    -24.4704
              0.0000      0.0000      0.0000     -2.7902      0.0000    
              0.0000      0.0000      0.4485     -4.2460      0.0000 ZQZ
 912 225     -2.5726      0.0000      0.0000      0.0000      0.0000 ZQZ
 122 225      0.2995      0.0000      0.0000      0.0000      0.0000
              0.0000      0.0000      0.0000      0.0000      0.0000    
              0.0000      0.0000     25.4128    -81.0517     -6.5163 ZQZ
 222 225     -2.1616      0.0000      0.0000      0.0000      0.0000
              0.0000      0.0000      0.0000     -5.0421      0.0000 ZQZ
 322 225      1.9884     -3.1803      0.0000      0.0000      0.0000
              0.0000      0.0000      0.0000      0.0000      0.0000    
             -0.1543      0.0000     -2.1843      0.0000      0.0000 ZQZ
 422 225      4.0820     -9.7766      0.0000      0.0000      3.4503
              0.0000      0.0000      0.0000     -1.3866      0.0000    
              4.5981     -7.2012      0.7647      0.0000      0.0000 ZQZ
 522 225     -0.0558      0.0000      0.0000      0.0000      0.0000 ZQZ
 622 225      3.1633      0.0000      0.0000      0.0000    -25.0065
              0.0000      0.0000      0.0000      0.0000      0.0000    
              3.1982      0.0000      0.0000      0.0000      0.0000 ZQZ
 722 225    -13.6480     36.0049      0.0000      0.0000      0.0000
              0.0000      0.0000      0.0000      0.0000      0.0000    
            -32.5239      0.0000      0.0000      0.0000      0.0000 ZQZ
 822 225      4.1419     -8.1662      0.0000      0.0000     -2.0022
              0.0000      0.0000      0.0000      5.1959      0.0000    
              0.0000      0.0000      1.3395      0.0000      0.0000 ZQZ
 922 224      3.0077      0.0000      0.0000      0.0000    -47.4190 ZQZ
 113 225     -0.4539      0.0000      0.0000      0.0000     13.8253
              0.0000      0.0000      0.0000      0.0000      0.0000    
              0.0000      0.0000     32.1085    -73.3973      0.0000 ZQZ
 213 225     -0.7717      0.0000      0.0000      0.0000    -54.6769
            137.7136      0.0000      0.0000      0.0000      0.0000    
              9.8407    -20.4448     -4.5127      0.0000      0.0000 ZQZ
 313 225    -19.8449     23.5450      0.0000      0.0000     62.1401
            -88.9145      0.0000      0.0000      1.7082      0.0000 ZQZ
 413 225     24.0644    -92.7996     77.5350      0.0000     30.4170
            -38.1840      0.0000      0.0000      0.0000      0.0000    
              0.0000      0.0000      1.8652      0.0000      0.0000 ZQZ
 513 225      0.0000      0.0000      0.0000      0.0000      0.0000
              0.0000      0.0000      0.0000      0.0000      0.0000    
             -4.6540      0.0000      0.0000      0.0000      0.0000 ZQZ
 613 225      2.1133      0.0000      0.0000      0.0000     -6.1955 ZQZ
 713 225      1.4361      0.0000      0.0000      0.0000      0.0000
              0.0000      0.0000      0.0000      0.0000      0.0000    
             -6.4331      0.0000      0.0000      0.0000      0.0000 ZQZ
 813 225    -41.5210     83.4057      0.0000      0.0000     -3.3512
              0.0000      0.0000      0.0000     -8.6330      0.0000 ZQZ
 123 225      0.0000      0.0000      0.0000      0.0000      0.0000
              0.0000      0.0000      0.0000     -0.3233      0.0000 ZQZ
 223 225    -38.0720    146.1054   -151.3293      0.0000     32.1259
              0.0000      0.0000      0.0000    -67.4204    109.5143    
             -2.7354      0.0000      0.0064      0.0000      0.0000 ZQZ
 323 225      2.5262     -3.9466      0.0000      0.0000      0.0000
              0.0000      0.0000      0.0000      1.0685      0.0000    
             -1.4798      0.0000     -2.0701      0.0000      0.0000 ZQZ
 423 225      2.8644     -5.5363      0.0000      0.0000      0.0000
              0.0000      0.0000      0.0000      0.0000      0.0000    
              0.0000      0.0000      1.6953      0.0000      0.0000 ZQZ
 523 225      0.0000      0.0000      0.0000      0.0000      0.0000
              0.0000      0.0000      0.0000      0.0000      0.0000    
              0.0000      0.0000     -1.9026      0.0000      0.0000 ZQZ
 623 225      9.0111    -16.6687      0.0000      0.0000      0.0000
              0.0000      0.0000      0.0000     37.0536      0.0000 ZQZ
 723 225      2.3223      0.0000      0.0000      0.0000      0.0000
              0.0000      0.0000      0.0000      0.0000      0.0000    
              0.0000      0.0000     -0.9307      0.0000      0.0000 ZQZ
 823 225      2.4574      0.0000      0.0000      0.0000      0.0000
              0.0000      0.0000      0.0000      0.0000      0.0000    
            -91.0599      0.0000     -0.6539      0.0000      0.0000 ZQZ
 114 225      0.0000      0.0000      0.0000      0.0000      0.0000
              0.0000      0.0000      0.0000     -0.4644      0.0000    
              0.0000      0.0000   -105.4980      0.0000      0.0000 ZQZ
 214 225     -0.8538      0.0000      0.0000      0.0000      0.0000
              0.0000      0.0000      0.0000      0.0000      0.0000    
              0.0000      0.0000      1.5257     27.8989     -3.9914 ZQZ
 314 225      0.0000      0.0000      0.0000      0.0000      0.9547 ZQZ
 414 225     -2.1277      0.0000      0.0000      0.0000     52.7102
            -63.8843      0.0000      0.0000      1.3538      0.0000    
             -9.5275     13.4731     -0.0541      0.0000      0.0000 ZQZ
 614 225      1.0612      0.0000      0.0000      0.0000      0.0000 ZQZ
 714 225      0.0000      0.0000      0.0000      0.0000    214.5058 ZQZ
 814 225    -27.6186     57.3182      0.0000      0.0000      0.0000
              0.0000      0.0000      0.0000    -13.8246      0.0000 ZQZ
 124 225   -136.5358    646.7305   -996.6567    501.5585      0.0000 ZQZ
 224 225      0.0000      0.0000      0.0000      0.0000  -1145.8206
           3462.8464  -2561.9131      0.0000    -28.3003     35.6874 ZQZ
 424 225     -0.2551      0.0000      0.0000      0.0000      0.0000
              0.0000      0.0000      0.0000     -1.2773      0.0000    
              0.0000      0.0000      0.0404      0.0000      0.0000 ZQZ
 624 225      0.2872      0.0000      0.0000      0.0000      0.0000 ZQZ
 724 225      1.9282      0.0000      0.0000      0.0000      0.0000 ZQZ
 824 225     12.3653    -23.3838      0.0000      0.0000      0.0000 ZQZ
 113 225     -0.4539      0.0000      0.0000      0.0000     13.8253
      0.0000      0.0000      0.0000      0.0000      0.0000
      0.0000      0.0000      7.7295    -11.1862      0.0000 ZQZ   31.21
Q  Sol=FA06 PNs=SM05 C,Nd,Np= 84356. 47337 105 Wb,Wt=1074. 1999.   11/30/ 6 
z 5 .1 1000 0 q
go41
13 0 10
14 0 10
15 0 10
q
go111
-5 s 6 .1 3000 0 q
go112
-5 s 6 .1 3000 0 q
go111
-5 s 6 .1 3000 0 q
go112
-5 s 6 .1 3000 0 q
go111
-5 s 6 .1 3000 0 q
go112
-5 s 6 .1 3000 0 q
go110
-6 z 5 .1 3000 0 q
go8
go40
go41
30 -30
1 5
go40
2 5
go40
3 5
go40
4 5
go40
5 5
go40
1 -5
go40
2 -5
go40
3 -5
go40
4 -5
go40
5 -5
qt
qt
0 2000 .001 5 1 2 z 1
V   197840(383,163)  97035/ 54551 100805/ 51312    0/   0    0/   0 1073 1999
V   196563(383,163)  96909/ 54551  99652/ 51312    0/   0    0/   0 1073 1999
V   196557(372,152)  97016/ 54551  99541/ 51312    0/   0    0/   0 1073 1999
V   192348(405,185)  94789/ 54551  97559/ 51312    0/   0    0/   0 1073 1999
V   192009(405,185)  94563/ 54551  97445/ 51312    0/   0    0/   0 1073 1999
V   192112(392,172)  94577/ 54551  97534/ 51312    0/   0    0/   0 1073 1999
V   191080(397,177)  94188/ 54551  96892/ 51312    0/   0    0/   0 1073 1999
V   191029(397,177)  94192/ 54551  96837/ 51312    0/   0    0/   0 1073 1999
V   191041(393,173)  94139/ 54551  96901/ 51312    0/   0    0/   0 1073 1999
V   190850(394,174)  94171/ 54551  96678/ 51312    0/   0    0/   0 1073 1999
V   190844(394,174)  94211/ 54551  96634/ 51312    0/   0    0/   0 1073 1999
V   190877(391,171)  94336/ 54551  96540/ 51312    0/   0    0/   0 1073 1999
V   190875(391,171)  94336/ 54551  96538/ 51312    0/   0    0/   0 1073 1999
V   190873(391,171)  94339/ 54551  96534/ 51312    0/   0    0/   0 1073 1999
V   190873(391,171)  94338/ 54551  96535/ 51312    0/   0    0/   0 1073 1999
V   190872(391,171)  94338/ 54551  96534/ 51312    0/   0    0/   0 1073 1999
V   190872(391,171)  94339/ 54551  96534/ 51312    0/   0    0/   0 1073 1999
V   190872(391,171)  94339/ 54551  96534/ 51312    0/   0    0/   0 1073 1999
V   190577(392,172)  94155/ 54551  96421/ 51312    0/   0    0/   0 1073 1999
V   190563(392,172)  94132/ 54551  96430/ 51312    0/   0    0/   0 1073 1999
V   190561(392,172)  94132/ 54551  96428/ 51312    0/   0    0/   0 1073 1999
V   190473(393,173)  94245/ 54551  96228/ 51312    0/   0    0/   0 1073 1999
FA77K 2000 S707(48481/24376)+180605/105863(163)         SM05  10/11/ 7  
 1   13.750  22.500   0.000   0.000   0.000 ZQZ Couplings
 110   1      0.6700      0.0000      0.0000      0.0000      0.0000 ZQZ
 120 272     -4.0512      2.0251      0.0000      0.0000    992.3761
          -1217.4854    364.3297      0.0000   -112.7589     81.1139    
           -129.0976     81.9926     -1.5761      3.6289      0.3526 ZQZ
 320 271     -5.0195      5.1694     -1.3728      0.0000     10.1480
             39.0942    143.6191   -110.7630     63.1390    -45.9055    
           -122.1509     89.4287      0.0685     11.4701      0.0753 ZQZ
 520 272     -0.7697      0.2369      0.0000      0.0000    -83.6518
             53.6346      0.0000      0.0000      0.0000      0.0000    
            -10.5468      0.0000      0.0000      0.0000      0.0000 ZQZ
 720 271    -16.3620     21.6104     -7.7214      0.0000    -10.2893
            152.5821      0.0000      0.0000  -1131.1348    725.9470    
           3470.1758  -2501.0891      0.6824     -3.7081      0.0000 ZQZ
 820 272     -0.3811      0.0000      0.0000      0.0000      6.4810
            -74.8231     48.7750      0.0000      0.0000      0.0000    
           -293.2966    191.5403     -1.9992      0.0000      0.0000 ZQZ
 920 224      2.2981     41.1490      0.0000      0.0000    -36.1550 ZQZ
 211 272      5.9405     -4.1816      0.4282      0.0000  -1361.7792
           2001.0754   -677.7737      0.0000   -453.9062    251.6419    
            -47.6509      0.0000     -0.8175      0.0000      0.0000 ZQZ
 411 272     -9.0265     41.2152    -46.1851     14.5748    -45.3515
            125.6551    -58.1073      0.0000     -0.4798      0.0000    
              0.0000      0.0000     -2.4064     -4.9596      0.3419 ZQZ
 611 272      0.3155      0.0000      0.0000      0.0000     -6.2826
              0.0000      0.0000      0.0000     14.6728      0.0000 ZQZ
 711 272    -25.1131     54.5056    -43.6003     12.0122    112.8636
           -335.5134    303.0305    -86.9610    -87.1149     55.8175    
            -33.4522      0.0000    -46.3670     60.4420      9.8702 ZQZ
 811 272      2.2809     -0.7999     -1.1091      0.0000    -11.5258
             13.8007      0.0000      0.0000    -42.6821     31.9582    
             -8.5082      0.0000     23.1484    -35.3876      0.0000 ZQZ
 911 224      0.0000      0.0000      0.0000      0.0000    -68.3075 ZQZ
 121 271      0.8668    -10.6368     10.5560     -2.7071     -2.5715
              3.5444    -43.0584     49.2101      0.0000      0.0000    
             47.1854    -44.2764     -0.5658      0.8239      0.1690 ZQZ
 221 271     -1.1178      0.5206      0.0000      0.0000     18.2038
             74.8268      0.0000      0.0000    -71.8925      0.0000    
            133.9322    -99.8588      0.0000      3.6442      0.0186 ZQZ
 321 271      2.4942     -1.4787      0.0000      0.0000    -26.4088
            147.3505    -73.9771      0.0000      0.0000      0.0000    
              0.0000      0.0000     -0.1867      1.5168      0.1357 ZQZ
 421 271      5.6823     -8.2622      2.6635      0.0000    -36.2313
             43.4640      0.0000      0.0000    -79.0235     57.7775    
             36.6433    -28.7559     -5.1817     11.5774      0.7890 ZQZ
 521 272      0.0000      0.0000      0.0000      0.0000      0.0000 ZQZ
 621 272      0.0000      0.0000      0.0000      0.0000      0.0000 ZQZ
 721 272     -0.2149      0.0000      0.0000      0.0000    -57.0350
            161.4999   -169.0463     59.1203      0.0000      0.0000    
            -19.4969      0.0000      0.6077      0.0000      0.0000 ZQZ
 821 271     -0.5785      0.0000      0.0000      0.0000      7.0288
            -26.0610     45.9736    -20.2218    -16.6952      9.7784    
             -0.4416      0.0000     -2.4023    -66.9357      3.4417 ZQZ
 921 224     -0.4759      0.0000      0.0000      0.0000      0.0000 ZQZ
 112 272     -2.0231      1.6814      0.0000      0.0000   -618.0842
            336.8028      0.0000      0.0000    640.6743   -424.1324    
             38.0589      0.0000     -5.7585     14.9547      0.0000 ZQZ
 212 272     -0.7374      0.2524      0.0000      0.0000      6.8870
              0.0000      0.0000      0.0000      0.0000      0.0000    
              0.0000      0.0000    -13.0668     25.4853      0.0000 ZQZ
 312 272     -0.0001     -1.7187      0.8194      0.0000   1672.3289
          -2790.4487   1554.9695   -289.9531      4.0977      0.0000    
            -30.5136     19.5482     -1.2449     -0.3340      0.1837 ZQZ
 412 272     -1.7254      0.7870      0.0000      0.0000    150.5793
           -164.4887     45.0013      0.0000      0.0000      0.0000    
              0.0000      0.0000     -0.7569      6.5208      0.1442 ZQZ
 512 272     -1.9492      0.9467      0.0000      0.0000  -1243.2245
           1530.5917   -469.2711      0.0000      0.0000      0.0000 ZQZ
 612 272     -4.0102     11.8202    -10.2893      2.7226      0.0000
              0.0000      0.0000      0.0000      4.7297      0.0000    
             -2.9938      0.0000      0.0000      0.0000      0.0000 ZQZ
 712 272      0.0000      0.0000      0.0000      0.0000   7132.1694
         -14919.0527  10195.9727  -2294.7822     20.0116      0.0000    
              0.0000      0.0000     -1.9305      0.0000      0.0000 ZQZ
 812 272      0.0000      0.0000      0.0000      0.0000     18.5956
            205.5985   -322.0687    116.8777   -105.1300     78.8343    
             -6.7027      0.0000      0.7322      0.0000      0.0000 ZQZ
 912 225     -2.5726      0.0000      0.0000      0.0000      0.0000 ZQZ
 122 272      0.0000      0.0000      0.0000      0.0000      0.0000 ZQZ
 222 272     -1.6000      0.8065      0.0000      0.0000      0.0000
              0.0000      0.0000      0.0000     -7.4380      0.0000    
              0.0000      0.0000     -2.3297      0.0000      0.0000 ZQZ
 322 272      0.0000      0.0000      0.0000      0.0000      0.2529
              0.0000      0.0000      0.0000      0.5505      0.0000 ZQZ
 422 272     -1.2472      0.5588      0.0000      0.0000    -96.8976
            116.0001    -33.8421      0.0000     -1.5817      0.0000    
             14.0482     -8.8164      1.7844     -4.9280      0.0000 ZQZ
 522 272      0.0000      0.0000      0.0000      0.0000      0.0000
              0.0000      0.0000      0.0000      0.0000      0.0000    
              0.0000      0.0000     -1.9997      0.0000     -1.9995 ZQZ
 622 272     -0.2647      0.0000      0.0000      0.0000     49.2845
            -39.3632      0.0000      0.0000      0.0000      0.0000    
            -55.4142     38.7199      0.0000      0.0000      0.0000 ZQZ
 722 272     -0.1255      0.0000      0.0000      0.0000      0.0000 ZQZ
 822 272      0.0000      0.0000      0.0000      0.0000     16.8433
            -10.5664      0.0000      0.0000    -43.3107     28.6557    
             -0.6445      0.0000      4.2427      0.0000      0.0000 ZQZ
 922 224      3.0077      0.0000      0.0000      0.0000    -47.4190 ZQZ
 113 272     -0.1410      0.0000      0.0000      0.0000  -1302.3879
           1581.8879   -476.8076      0.0000      0.0000      0.0000    
              0.0000      0.0000     -0.0277      0.0000      0.0000 ZQZ
 213 272     -0.1270      0.0000      0.0000      0.0000     13.3278
              0.0000      0.0000      0.0000      1.9288      0.0000    
             -4.5692      0.0000      2.5781     17.2380     -9.9352 ZQZ
 313 272     -0.2558      0.0000      0.0000      0.0000    -51.9320
             85.6769    -30.8374      0.0000      0.0000      0.0000    
             -1.6895      0.0000     -0.4813      0.0000      0.0000 ZQZ
 413 272      1.0032     -4.5379      2.2124      0.0000    568.5358
           -947.2203    534.4148   -102.3210     36.1043    -23.0921    
            -10.3263      7.3060      0.3127      3.3384     -0.3120 ZQZ
 513 272      0.0000      0.0000      0.0000      0.0000      0.0000
              0.0000      0.0000      0.0000      0.0000      0.0000    
            -55.4734     32.5061      0.0000      0.0000      0.0000 ZQZ
 613 272      0.8535     -0.6813      0.0000      0.0000     -2.7872 ZQZ
 713 272   -118.1483    245.8454   -177.5041     43.8572  -2643.7083
           2889.7144   -754.1968      0.0000      0.0000      0.0000    
            -46.5885      0.0000      0.0000      0.0000      0.0000 ZQZ
 813 272     12.0436     -9.0892      0.0000      0.0000   -573.5690
           1603.3937  -1415.0272    399.6032     -7.6612      0.0000    
             -7.8995      0.0000      1.1468     -3.3962      0.1088 ZQZ
 913 272      0.0000      0.0000      0.0000      0.0000      0.0000 ZQZ
 123 272      0.0000      0.0000      0.0000      0.0000     -0.3018
              0.0000      0.0000      0.0000     -0.3161      0.0000 ZQZ
 223 272      0.6221     -0.6589      0.0000      0.0000     13.0306
              0.0000      0.0000      0.0000   -205.9776    124.1842    
             -5.0124      0.0000     -0.3702      0.0000      0.0000 ZQZ
 323 272      1.8404     -5.6259      5.3988     -1.6070      0.0000
              0.0000      0.0000      0.0000      0.0000      0.0000    
             45.4576    -26.2662      6.3250      0.0000      0.0000 ZQZ
 423 272     -0.4679      0.0000      0.0000      0.0000    283.2171
           -160.6307      0.0000      0.0000      0.0000      0.0000    
           -168.5753     95.5194     -4.2071     -8.9932      1.7610 ZQZ
 523 272      0.0000      0.0000      0.0000      0.0000      0.0000
              0.0000      0.0000      0.0000      0.0000      0.0000    
              0.0000      0.0000     -1.9026      0.0000      0.0000 ZQZ
 623 272      0.0000      0.0000      0.0000      0.0000      0.0000 ZQZ
 723 272     -0.1257      0.0000      0.0000      0.0000      0.0000 ZQZ
 823 272      0.7510      0.0000      0.0000      0.0000      9.7548
              0.0000      0.0000      0.0000      0.0000      0.0000    
              0.0000      0.0000     12.3161      0.0000      0.0000 ZQZ
 923 272      0.0000      0.0000      0.0000      0.0000      0.0000 ZQZ
 114 272      0.0000      0.0000      0.0000      0.0000      0.0000 ZQZ
 214 272     -0.1930      0.0000      0.0000      0.0000      0.0000 ZQZ
 314 272      0.0000      0.0000      0.0000      0.0000      0.0000 ZQZ
 414 272      5.7077    -16.5069     13.9243     -3.6864      2.5078
              0.0000      0.0000      0.0000      0.4513      0.0000    
              0.0000      0.0000      4.6754    -11.9005     -2.7257 ZQZ
 514 272      0.0000      0.0000      0.0000      0.0000      0.0000 ZQZ
 614 272     -0.1972      0.0000      0.0000      0.0000      0.0000 ZQZ
 714 272      0.0000      0.0000      0.0000      0.0000      0.0000
              0.0000      0.0000      0.0000    -13.1640      0.0000 ZQZ
 814 272     46.8925    -53.8663     15.0533      0.0000    -80.7861
             41.6938      0.0000      0.0000      0.0000      0.0000 ZQZ
 914 272      0.0000      0.0000      0.0000      0.0000      0.0000 ZQZ
 124 272      5.6603     -7.2259      2.2944      0.0000      0.0000 ZQZ
 224 272      0.2111      0.0000      0.0000      0.0000  -6019.7476
           7070.0239  -2036.9596      0.0000   -857.9030    476.1906    
            -55.7276      0.0000      0.0000      0.0000      0.0000 ZQZ
 324 272      0.0000      0.0000      0.0000      0.0000      0.0000 ZQZ
 424 225     -0.3597      0.0000      0.0000      0.0000      0.0000
              0.0000      0.0000      0.0000     11.3036    -17.1591    
              0.0000      0.0000     -1.8983      0.0000      0.0000 ZQZ
 524 272      0.0000      0.0000      0.0000      0.0000      0.0000 ZQZ
 624 272      0.0000      0.0000      0.0000      0.0000      0.0000 ZQZ
 724 272      0.0043      0.0000      0.0000      0.0000      0.0000 ZQZ
 824 272    -80.1583    179.5465   -130.0108     30.7348      9.8594
              0.0000      0.0000      0.0000    -28.1919      0.0000    
              0.0000      0.0000      1.5448      0.0000      0.0000 ZQZ
 924 272      0.0000      0.0000      0.0000      0.0000      0.0000 ZQZ
 115 272      0.0000      0.0000      0.0000      0.0000      0.0000 ZQZ
 215 272     -0.9338      0.5358      0.0000      0.0000      3.5105 ZQZ
 315 272      0.1051      0.0000      0.0000      0.0000      0.0000 ZQZ
 415 272      0.0000      0.0000      0.0000      0.0000     15.1310
             -8.1755      0.0000      0.0000      0.0000      0.0000 ZQZ
 515 272      0.0000      0.0000      0.0000      0.0000      0.0000 ZQZ
 615 272      0.0000      0.0000      0.0000      0.0000      0.0000 ZQZ
 715 272      0.0000      0.0000      0.0000      0.0000      0.0000 ZQZ
 815 272      0.0000      0.0000      0.0000      0.0000    -12.2663 ZQZ
 915 272      0.0000      0.0000      0.0000      0.0000      0.0000 ZQZ
 125 272      0.0000      0.0000      0.0000      0.0000      0.0000
              0.0000      0.0000      0.0000      0.0000      0.0000    
           -192.1692      0.0000      0.0000      0.0000      0.0000 ZQZ
 225 272      0.0000      0.0000      0.0000      0.0000     -2.5239 ZQZ
 325 272      0.0000      0.0000      0.0000      0.0000      0.0000 ZQZ
 425 272      0.1187      0.0000      0.0000      0.0000      0.0000 ZQZ
 525 272      0.0000      0.0000      0.0000      0.0000      0.0000 ZQZ
 625 272      0.0000      0.0000      0.0000      0.0000      0.0000 ZQZ
 725 272      0.0000      0.0000      0.0000      0.0000      0.0000 ZQZ
 825 272      0.0000      0.0000      0.0000      0.0000      7.9907
              0.0000      0.0000      0.0000      0.0000      0.0000    
            -39.2457      0.0000     22.6567      0.0000      0.0000 ZQZ
 925 272      0.0000      0.0000      0.0000      0.0000      0.0000 ZQZ
Q  Sol=FA77 PNs=SM05 C,Nd,Np=190625.106142 173 Wb,Wt=1074. 1999.   10/11/ 7 
go41
13 0 10
14 0 10
15 0 10
q
go111
-6 s 6 .1 3000 0 q
go112
-6 s 6 .1 3000 0 q
go111
-6 s 6 .1 3000 0 q
go112
-6 s 6 .1 3000 0 q
go111
-6 s 6 .1 3000 0 q
go112
-6 s 6 .1 3000 0 q
go110
-6 z 5 .1 3000 0 q
go8
go62
go40
go43
go41
40 -90
0 -6
go3
go111
-6 s 6 .1 3000 0 q
go112
-6 s 6 .1 3000 0 q
go110
-6 z 5 .1 3000 0 q
go8
go40
0 6
go3
go111
-6 s 6 .1 3000 0 q
go112
-6 s 6 .1 3000 0 q
go110
-6 z 5 .1 3000 0 q
go8
qt
qt
1540 1540 9 9 1 z 1
solnfa06
go45
1545 5
go1
1 1 1 .04 0 1
q
pb02
y
go31
320 15 1490
go2
go51
qt
1620 1770 0 5 1 2 z 1
solnfa06
go45
1637 5
 q
32008 32001 z 1 .1 3000 0 q
qt
0 2000 .001 5 1 2  Z 1 3 4 1
V    85566(288,101) 58269/31193 27296/15940     0/    0     0/    0 1073 1999
V    85820(288, 55) 58399/31193 27421/15940     0/    0     0/    0 1073 1999
V    85491(288,101) 58165/31193 27326/15940     0/    0     0/    0 1073 1999
V    85490(288,101) 58160/31193 27330/15940     0/    0     0/    0 1073 1999
V    85265(289,102) 58009/31193 27256/15940     0/    0     0/    0 1073 1999
V    84997(290,103) 57789/31193 27207/15940     0/    0     0/    0 1073 1999
V    84962(288,101) 57768/31193 27193/15940     0/    0     0/    0 1073 1999
V    84823(288,101) 57805/31193 27018/15940     0/    0     0/    0 1073 1999
V    84799(288,  3) 57812/31193 26986/15940     0/    0     0/    0 1073 1999
V    84733(289,  5) 57796/31193 26936/15940     0/    0     0/    0 1073 1999
V    84689(289,102) 57754/31193 26935/15940     0/    0     0/    0 1073 1999
V    84593(291,104) 57849/31193 26743/15940     0/    0     0/    0 1073 1999
V    84356(292,105) 57782/31193 26573/15940     0/    0     0/    0 1073 1999
FA06K 2000 FA06(55640/25524)+ 84356/47133 (105)         SM05  11/30/ 6  
 1   13.750  22.500   0.000   0.000   0.000 ZQZ Couplings
 110   1      0.6700      0.0000      0.0000      0.0000      0.0000 ZQZ
 120 225     14.1460   -133.2643     72.7483      0.0000     -2.9830
           -260.6902    355.6448      0.0000    -15.7703     40.9432    
             -5.8738      0.0000      0.3824     -2.3827      0.0000 ZQZ
 320 221     -8.0141      0.6130     -0.0449      0.0000     61.0860
             -8.8210      0.2613      0.0000     -9.2862      0.0000    
              8.7243      0.0000     -2.2475      6.1738      0.0000 ZQZ
 520 225     -0.0186     19.4751      0.0000      0.0000      0.0000
              0.0000      0.0000      0.0000      4.9271      0.0000    
            -31.0164     37.8841      0.0000      0.0000      0.0000 ZQZ
 720 225     22.0572    -93.6522      0.0000      0.0000      0.0000
              0.0000      0.0000      0.0000     15.4333      0.0000    
            190.7115   -406.3444      1.9521      0.0000      0.0000 ZQZ
 820 225     16.9350   -113.5267    139.7457      0.0000      0.0000
              0.0000      0.0000      0.0000      0.0000      0.0000    
              0.0000      0.0000     -3.2629      0.0000      0.0000 ZQZ
 920 224      2.2981     41.1490      0.0000      0.0000    -36.1550 ZQZ
 211 221      3.6848     -0.6692      0.0000      0.0000     84.2847
             11.2084     -0.5990      0.0000    -40.2917      1.6464    
            -24.9995      0.0000     -0.1971      0.0000      0.0000 ZQZ
 411 221      0.6117      0.0276      0.0000      0.0000     20.2273
              0.0000      0.0000      0.0000     -3.8450      0.0000    
             -4.1382     -0.3353     -1.4950      0.0000      0.0000 ZQZ
 611 225     -3.1122      0.0000      0.0000      0.0000    -11.5693
              0.0000      0.0000      0.0000     15.6469      0.0000 ZQZ
 711 225    136.0692   -280.7542      0.0000      0.0000      0.0000 ZQZ
 811 225    -27.7911    252.5823   -414.1846      0.0000     16.7432
              0.0000      0.0000      0.0000      0.0000      0.0000    
              0.0000      0.0000      0.9758      0.0000      0.0000 ZQZ
 911 224      0.0000      0.0000      0.0000      0.0000    -68.3075 ZQZ
 121 224     -2.3598     11.3944     -8.1976      0.0000     -1.3232
              0.0000      0.0000      0.0000      0.0000      0.0000    
              0.0000      0.0000     -1.0175    -16.6624      0.0000 ZQZ
 221 224    -39.2014   -110.7821    171.3233      0.0000     68.6860
              7.6281      0.3207      0.0000    -60.0239      0.0000    
              4.4638     -4.4187      0.0000      0.6427      0.0451 ZQZ
 321 225      9.3246    -16.9689      0.0000      0.0000      8.2162
            134.7615   -192.6860      0.0000      2.3852      0.0000    
              0.0000      0.0000      0.3613      0.0000      0.0000 ZQZ
 421 225    -42.7908    271.5389   -537.6349    320.2523      0.0000
              0.0000      0.0000      0.0000      0.0000      0.0000    
              4.5278     -5.4912     -0.5444     -6.4882      0.0000 ZQZ
 521 225     -2.7123      6.5617      0.0000      0.0000      0.0000
              0.0000      0.0000      0.0000     -3.2691      0.0000 ZQZ
 621 225      0.7947      0.0000      0.0000      0.0000      0.0000 ZQZ
 721 225    143.0804    143.4711   -833.1581      0.0000   -149.5576
            756.9585      0.0000      0.0000    -61.8695    437.8449    
              0.0000      0.0000      1.0034     -2.9363      0.0000 ZQZ
 821 225     -4.9287      9.6405      0.0000      0.0000      0.0000
              0.0000      0.0000      0.0000     43.1947    -62.1080    
              0.0000      0.0000      0.3123      0.0000      0.0000 ZQZ
 921 224     -0.4759      0.0000      0.0000      0.0000      0.0000 ZQZ
 112 225    229.2849   -992.4624    996.3688      0.0000   -833.7076
           1134.9078      0.0000      0.0000    258.4159   -509.9761    
             31.1744      0.0000     -0.5329      0.0000      0.0000 ZQZ
 212 225     14.4405    -41.5849      0.0000      0.0000     28.5730 ZQZ
 312 225   -207.5587   1613.6569  -3688.1201   2556.9756      8.9027
             93.0623      0.0000      0.0000      5.6781      0.0000    
              0.0036    -20.2238     -2.0950      4.6874      0.2743 ZQZ
 412 225    -15.4471     14.1513      0.0000      0.0000     97.5514
           -240.7212    141.9969      0.0000      0.0000      0.0000    
              0.0000      0.0000      2.4282     -5.6756      0.0000 ZQZ
 512 225     64.0048    -82.3435      0.0000      0.0000   -373.9452
           1070.1075   -749.6478      0.0000      0.0000      0.0000 ZQZ
 612 225    -27.4579     99.9109    -74.4823      0.0000      0.0000
              0.0000      0.0000      0.0000      2.8597      0.0000 ZQZ
 712 225    -23.8114     93.2219      0.0000      0.0000    169.1560
              0.0000      0.0000      0.0000      0.0000      0.0000    
           -335.6487    564.6561      0.0000      0.0000      0.0000 ZQZ
 812 225     34.2635    -58.4327      0.0000      0.0000    -24.4704
              0.0000      0.0000      0.0000     -2.7902      0.0000    
              0.0000      0.0000      0.4485     -4.2460      0.0000 ZQZ
 912 225     -2.5726      0.0000      0.0000      0.0000      0.0000 ZQZ
 122 225      0.2995      0.0000      0.0000      0.0000      0.0000
              0.0000      0.0000      0.0000      0.0000      0.0000    
              0.0000      0.0000     25.4128    -81.0517     -6.5163 ZQZ
 222 225     -2.1616      0.0000      0.0000      0.0000      0.0000
              0.0000      0.0000      0.0000     -5.0421      0.0000 ZQZ
 322 225      1.9884     -3.1803      0.0000      0.0000      0.0000
              0.0000      0.0000      0.0000      0.0000      0.0000    
             -0.1543      0.0000     -2.1843      0.0000      0.0000 ZQZ
 422 225      4.0820     -9.7766      0.0000      0.0000      3.4503
              0.0000      0.0000      0.0000     -1.3866      0.0000    
              4.5981     -7.2012      0.7647      0.0000      0.0000 ZQZ
 522 225     -0.0558      0.0000      0.0000      0.0000      0.0000 ZQZ
 622 225      3.1633      0.0000      0.0000      0.0000    -25.0065
              0.0000      0.0000      0.0000      0.0000      0.0000    
              3.1982      0.0000      0.0000      0.0000      0.0000 ZQZ
 722 225    -13.6480     36.0049      0.0000      0.0000      0.0000
              0.0000      0.0000      0.0000      0.0000      0.0000    
            -32.5239      0.0000      0.0000      0.0000      0.0000 ZQZ
 822 225      4.1419     -8.1662      0.0000      0.0000     -2.0022
              0.0000      0.0000      0.0000      5.1959      0.0000    
              0.0000      0.0000      1.3395      0.0000      0.0000 ZQZ
 922 224      3.0077      0.0000      0.0000      0.0000    -47.4190 ZQZ
 113 225     -0.4539      0.0000      0.0000      0.0000     13.8253
              0.0000      0.0000      0.0000      0.0000      0.0000    
              0.0000      0.0000     32.1085    -73.3973      0.0000 ZQZ
 213 225     -0.7717      0.0000      0.0000      0.0000    -54.6769
            137.7136      0.0000      0.0000      0.0000      0.0000    
              9.8407    -20.4448     -4.5127      0.0000      0.0000 ZQZ
 313 225    -19.8449     23.5450      0.0000      0.0000     62.1401
            -88.9145      0.0000      0.0000      1.7082      0.0000 ZQZ
 413 225     24.0644    -92.7996     77.5350      0.0000     30.4170
            -38.1840      0.0000      0.0000      0.0000      0.0000    
              0.0000      0.0000      1.8652      0.0000      0.0000 ZQZ
 513 225      0.0000      0.0000      0.0000      0.0000      0.0000
              0.0000      0.0000      0.0000      0.0000      0.0000    
             -4.6540      0.0000      0.0000      0.0000      0.0000 ZQZ
 613 225      2.1133      0.0000      0.0000      0.0000     -6.1955 ZQZ
 713 225      1.4361      0.0000      0.0000      0.0000      0.0000
              0.0000      0.0000      0.0000      0.0000      0.0000    
             -6.4331      0.0000      0.0000      0.0000      0.0000 ZQZ
 813 225    -41.5210     83.4057      0.0000      0.0000     -3.3512
              0.0000      0.0000      0.0000     -8.6330      0.0000 ZQZ
 123 225      0.0000      0.0000      0.0000      0.0000      0.0000
              0.0000      0.0000      0.0000     -0.3233      0.0000 ZQZ
 223 225    -38.0720    146.1054   -151.3293      0.0000     32.1259
              0.0000      0.0000      0.0000    -67.4204    109.5143    
             -2.7354      0.0000      0.0064      0.0000      0.0000 ZQZ
 323 225      2.5262     -3.9466      0.0000      0.0000      0.0000
              0.0000      0.0000      0.0000      1.0685      0.0000    
             -1.4798      0.0000     -2.0701      0.0000      0.0000 ZQZ
 423 225      2.8644     -5.5363      0.0000      0.0000      0.0000
              0.0000      0.0000      0.0000      0.0000      0.0000    
              0.0000      0.0000      1.6953      0.0000      0.0000 ZQZ
 523 225      0.0000      0.0000      0.0000      0.0000      0.0000
              0.0000      0.0000      0.0000      0.0000      0.0000    
              0.0000      0.0000     -1.9026      0.0000      0.0000 ZQZ
 623 225      9.0111    -16.6687      0.0000      0.0000      0.0000
              0.0000      0.0000      0.0000     37.0536      0.0000 ZQZ
 723 225      2.3223      0.0000      0.0000      0.0000      0.0000
              0.0000      0.0000      0.0000      0.0000      0.0000    
              0.0000      0.0000     -0.9307      0.0000      0.0000 ZQZ
 823 225      2.4574      0.0000      0.0000      0.0000      0.0000
              0.0000      0.0000      0.0000      0.0000      0.0000    
            -91.0599      0.0000     -0.6539      0.0000      0.0000 ZQZ
 114 225      0.0000      0.0000      0.0000      0.0000      0.0000
              0.0000      0.0000      0.0000     -0.4644      0.0000    
              0.0000      0.0000   -105.4980      0.0000      0.0000 ZQZ
 214 225     -0.8538      0.0000      0.0000      0.0000      0.0000
              0.0000      0.0000      0.0000      0.0000      0.0000    
              0.0000      0.0000      1.5257     27.8989     -3.9914 ZQZ
 314 225      0.0000      0.0000      0.0000      0.0000      0.9547 ZQZ
 414 225     -2.1277      0.0000      0.0000      0.0000     52.7102
            -63.8843      0.0000      0.0000      1.3538      0.0000    
             -9.5275     13.4731     -0.0541      0.0000      0.0000 ZQZ
 614 225      1.0612      0.0000      0.0000      0.0000      0.0000 ZQZ
 714 225      0.0000      0.0000      0.0000      0.0000    214.5058 ZQZ
 814 225    -27.6186     57.3182      0.0000      0.0000      0.0000
              0.0000      0.0000      0.0000    -13.8246      0.0000 ZQZ
 124 225   -136.5358    646.7305   -996.6567    501.5585      0.0000 ZQZ
 224 225      0.0000      0.0000      0.0000      0.0000  -1145.8206
           3462.8464  -2561.9131      0.0000    -28.3003     35.6874 ZQZ
 424 225     -0.2551      0.0000      0.0000      0.0000      0.0000
              0.0000      0.0000      0.0000     -1.2773      0.0000    
              0.0000      0.0000      0.0404      0.0000      0.0000 ZQZ
 624 225      0.2872      0.0000      0.0000      0.0000      0.0000 ZQZ
 724 225      1.9282      0.0000      0.0000      0.0000      0.0000 ZQZ
 824 225     12.3653    -23.3838      0.0000      0.0000      0.0000 ZQZ
 113 225     -0.4539      0.0000      0.0000      0.0000     13.8253
      0.0000      0.0000      0.0000      0.0000      0.0000
      0.0000      0.0000      7.7295    -11.1862      0.0000 ZQZ   31.21
Q  Sol=FA06 PNs=SM05 C,Nd,Np= 84356. 47337 105 Wb,Wt=1074. 1999.   11/30/ 6 
z 5 .1 1000 0 q
go41
13 0 10
14 0 10
15 0 10
q
go111
-5 s 6 .1 3000 0 q
go112
-5 s 6 .1 3000 0 q
go111
-5 s 6 .1 3000 0 q
go112
-5 s 6 .1 3000 0 q
go111
-5 s 6 .1 3000 0 q
go112
-5 s 6 .1 3000 0 q
go110
-6 z 5 .1 3000 0 q
go8
go40
go41
30 -30
1 5
go40
2 5
go40
3 5
go40
4 5
go40
5 5
go40
1 -5
go40
2 -5
go40
3 -5
go40
4 -5
go40
5 -5
qt
qt
